-30,-30,6,251,6
-29,-30,3,253,6
-28,-30,0,255,5
-27,-30,0,255,5
-26,-30,0,255,5
-25,-30,0,255,3
-24,-30,6,252,3
-23,-30,4,253,1
-22,-30,1,254,5
-21,-30,0,255,5
-20,-30,0,255,8
-19,-30,0,255,6
-18,-30,1,254,5
-17,-30,3,254,1
-16,-30,0,255,1
-14,-30,0,255,3
-13,-30,0,255,2
-12,-30,0,255,1
-11,-30,2,255,1
-9,-30,1,254,3
-8,-30,8,251,9
-7,-30,36,230,35
-6,-30,97,194,81
-5,-30,0,19,0
-4,-30,28,6,0
-3,-30,44,0,0
-2,-30,46,0,0
-1,-30,47,0,0
0,-30,43,0,0
1,-30,38,0,0
2,-30,45,2,0
3,-30,24,1,0
4,-30,4,19,0
5,-30,96,187,84
6,-30,30,233,30
7,-30,0,255,5
12,-30,4,253,3
13,-30,4,252,6
14,-30,3,253,6
15,-30,0,255,3
18,-30,0,255,1
19,-30,0,255,3
20,-30,4,253,3
21,-30,4,254,0
24,-30,1,255,0
25,-30,1,255,0
26,-30,3,253,6
27,-30,1,253,10
28,-30,0,255,8
-30,-29,4,253,3
-29,-29,1,254,3
-28,-29,0,255,3
-27,-29,0,255,3
-26,-29,0,255,3
-25,-29,1,254,3
-24,-29,4,253,1
-23,-29,4,253,1
-22,-29,0,255,3
-21,-29,0,255,5
-20,-29,0,255,6
-19,-29,0,255,5
-18,-29,1,254,3
-17,-29,3,254,1
-16,-29,1,255,1
-13,-29,1,255,3
-11,-29,4,255,4
-10,-29,1,255,0
-9,-29,8,247,4
-8,-29,30,234,25
-7,-29,66,212,51
-6,-29,0,35,0
-5,-29,23,22,0
-4,-29,64,22,0
-3,-29,113,49,37
-2,-29,141,73,64
-1,-29,116,48,39
0,-29,95,35,24
1,-29,90,33,22
2,-29,69,12,3
3,-29,42,3,0
4,-29,23,17,0
5,-29,0,37,0
6,-29,56,211,45
7,-29,24,239,21
8,-29,9,253,8
9,-29,1,255,1
12,-29,4,253,3
13,-29,6,252,5
14,-29,4,252,6
15,-29,1,254,3
19,-29,0,255,1
20,-29,3,254,3
21,-29,3,254,3
22,-29,1,255,0
25,-29,1,255,0
26,-29,1,254,3
27,-29,1,254,5
28,-29,0,255,6
-27,-28,0,255,1
-26,-28,3,254,1
-25,-28,4,254,0
-24,-28,3,255,0
-23,-28,1,255,0
-22,-28,0,255,1
-21,-28,0,255,3
-20,-28,0,255,3
-19,-28,0,255,3
-18,-28,0,255,1
-17,-28,1,255,1
-16,-28,3,254,1
-15,-28,3,254,0
-14,-28,3,255,0
-13,-28,5,255,1
-12,-28,3,251,4
-11,-28,3,254,3
-9,-28,31,243,21
-8,-28,80,206,62
-7,-28,0,41,0
-6,-28,45,34,0
-5,-28,70,16,0
-4,-28,146,62,38
-3,-28,236,135,117
-2,-28,255,152,138
-1,-28,255,156,143
0,-28,237,140,123
1,-28,192,101,83
2,-28,115,29,14
3,-28,82,10,0
4,-28,57,7,0
5,-28,21,13,0
6,-28,0,43,0
7,-28,70,203,52
8,-28,28,243,17
10,-28,0,255,5
11,-28,0,255,6
12,-28,3,254,3
13,-28,7,252,1
14,-28,7,251,5
15,-28,4,253,3
20,-28,1,254,3
21,-28,1,254,6
22,-28,3,253,8
23,-28,1,254,6
24,-28,0,255,1
27,-28,1,255,0
28,-28,1,255,1
-28,-27,0,255,1
-27,-27,0,255,1
-26,-27,3,254,0
-25,-27,3,255,0
-24,-27,1,255,0
-22,-27,0,255,1
-21,-27,0,255,1
-16,-27,3,254,1
-15,-27,4,254,0
-14,-27,1,253,0
-13,-27,2,254,0
-12,-27,8,255,7
-11,-27,8,254,7
-10,-27,15,255,10
-9,-27,40,220,24
-8,-27,0,42,0
-7,-27,40,21,0
-6,-27,103,40,5
-5,-27,142,47,17
-4,-27,175,57,31
-3,-27,215,85,61
-2,-27,237,105,84
-1,-27,235,105,83
0,-27,232,108,84
1,-27,210,92,66
2,-27,146,36,11
3,-27,120,20,0
4,-27,126,39,20
5,-27,79,21,0
6,-27,30,15,0
7,-27,0,43,0
8,-27,59,216,41
9,-27,27,248,23
10,-27,3,251,14
11,-27,0,255,8
12,-27,1,255,1
13,-27,4,254,0
14,-27,6,252,3
15,-27,6,252,3
16,-27,1,255,0
20,-27,0,255,1
21,-27,0,255,6
22,-27,1,253,10
23,-27,3,252,10
24,-27,1,254,5
28,-27,1,255,0
-30,-26,0,255,5
-29,-26,0,255,5
-28,-26,0,255,6
-27,-26,0,255,3
-23,-26,0,255,3
-22,-26,0,255,5
-21,-26,0,255,3
-16,-26,1,255,0
-15,-26,1,255,0
-14,-26,1,255,0
-11,-26,4,246,2
-10,-26,24,240,19
-9,-26,73,214,50
-8,-26,13,24,0
-7,-26,103,37,15
-6,-26,209,114,86
-5,-26,223,104,72
-4,-26,227,86,56
-3,-26,240,89,58
-2,-26,236,89,55
-1,-26,220,78,42
0,-26,231,93,57
1,-26,218,84,47
2,-26,226,94,56
3,-26,220,96,62
4,-26,232,120,98
5,-26,199,106,89
6,-26,93,30,12
7,-26,26,18,0
8,-26,0,37,0
9,-26,61,205,55
10,-26,18,242,24
11,-26,0,255,5
14,-26,3,254,1
15,-26,3,254,3
16,-26,1,254,5
17,-26,0,255,1
21,-26,0,255,1
22,-26,0,255,6
23,-26,3,253,8
24,-26,4,252,6
25,-26,3,254,3
28,-26,0,255,1
-30,-25,0,254,8
-29,-25,0,255,6
-28,-25,0,255,5
-27,-25,0,255,3
-24,-25,0,255,1
-23,-25,0,255,3
-22,-25,0,255,5
-21,-25,0,255,3
-12,-25,8,254,7
-11,-25,27,241,23
-10,-25,57,214,45
-9,-25,0,47,0
-8,-25,51,17,0
-7,-25,138,42,28
-6,-25,207,92,61
-5,-25,217,84,43
-4,-25,244,88,50
-3,-25,241,78,37
-2,-25,232,74,29
-1,-25,242,90,43
0,-25,238,90,44
1,-25,235,90,43
2,-25,229,84,37
3,-25,233,94,51
4,-25,239,108,80
5,-25,215,100,81
6,-25,123,33,22
7,-25,58,5,0
8,-25,24,25,0
9,-25,0,49,0
10,-25,32,233,30
15,-25,1,255,1
16,-25,0,255,5
17,-25,0,255,3
21,-25,0,255,1
22,-25,0,255,5
23,-25,1,254,6
24,-25,4,252,5
25,-25,4,253,3
-30,-24,0,255,3
-29,-24,0,255,1
-26,-24,3,254,3
-25,-24,4,252,5
-24,-24,4,253,3
-23,-24,1,254,3
-22,-24,0,255,1
-21,-24,0,255,1
-20,-24,0,255,1
-19,-24,1,255,0
-18,-24,3,255,0
-17,-24,1,255,0
-16,-24,0,255,1
-15,-24,0,255,1
-14,-24,1,255,0
-13,-24,8,250,5
-12,-24,19,239,19
-11,-24,53,215,44
-10,-24,0,43,0
-9,-24,27,15,0
-8,-24,92,21,3
-7,-24,143,36,16
-6,-24,212,91,46
-5,-24,233,94,37
-4,-24,242,82,32
-3,-24,252,82,33
-2,-24,255,89,37
-1,-24,242,81,27
0,-24,232,78,24
1,-24,247,98,42
2,-24,239,89,36
3,-24,234,88,39
4,-24,239,101,64
5,-24,219,95,67
6,-24,139,40,21
7,-24,81,9,0
8,-24,44,1,0
9,-24,0,29,0
10,-24,45,228,26
11,-24,1,255,0
18,-24,4,253,3
19,-24,6,252,5
20,-24,1,254,5
21,-24,0,255,3
22,-24,0,255,3
23,-24,0,255,1
24,-24,1,255,0
25,-24,3,255,0
26,-24,1,255,0
-30,-23,0,255,1
-26,-23,4,253,3
-25,-23,6,251,6
-24,-23,4,252,5
-23,-23,1,254,3
-20,-23,0,255,1
-19,-23,3,254,1
-18,-23,4,253,1
-17,-23,3,254,1
-16,-23,0,255,3
-15,-23,0,255,3
-14,-23,3,254,3
-13,-23,18,244,14
-12,-23,47,227,42
-11,-23,0,56,0
-10,-23,19,18,0
-9,-23,79,11,0
-8,-23,107,11,0
-7,-23,158,43,14
-6,-23,222,95,44
-5,-23,239,99,38
-4,-23,242,85,30
-3,-23,249,84,30
-2,-23,253,86,31
-1,-23,243,78,22
0,-23,248,89,31
1,-23,240,86,26
2,-23,241,86,29
3,-23,240,89,36
4,-23,254,109,64
5,-23,224,91,56
6,-23,149,39,12
7,-23,96,7,0
8,-23,72,1,0
9,-23,13,21,0
10,-23,67,213,42
11,-23,21,243,10
12,-23,14,246,10
13,-23,13,247,10
14,-23,17,244,15
15,-23,13,247,12
16,-23,0,255,5
17,-23,0,255,1
18,-23,4,253,3
19,-23,7,251,5
20,-23,6,252,5
21,-23,3,254,3
22,-23,0,255,3
26,-23,1,255,0
-29,-22,3,255,1
-28,-22,3,254,0
-27,-22,3,254,0
-26,-22,2,254,0
-25,-22,2,255,2
-24,-22,2,255,7
-23,-22,1,255,6
-21,-22,3,255,0
-18,-22,5,253,7
-17,-22,4,252,8
-16,-22,0,254,6
-15,-22,2,255,8
-14,-22,0,252,4
-13,-22,28,236,26
-12,-22,79,201,64
-11,-22,0,35,0
-10,-22,114,72,34
-9,-22,213,122,101
-8,-22,206,97,64
-7,-22,204,81,39
-6,-22,227,91,43
-5,-22,231,87,35
-4,-22,229,82,30
-3,-22,238,87,32
-2,-22,250,90,32
-1,-22,253,88,30
0,-22,250,87,28
1,-22,250,87,30
2,-22,244,83,28
3,-22,242,85,32
4,-22,245,93,43
5,-22,234,93,48
6,-22,188,64,30
7,-22,148,41,21
8,-22,104,19,16
9,-22,34,14,0
10,-22,0,48,0
11,-22,62,222,52
12,-22,38,227,36
13,-22,38,229,37
14,-22,48,218,47
15,-22,43,225,44
16,-22,15,246,20
17,-22,0,255,2
18,-22,0,255,1
20,-22,7,255,3
21,-22,3,254,1
22,-22,0,251,1
23,-22,0,255,3
24,-22,1,255,5
-30,-21,0,255,1
-29,-21,4,255,2
-28,-21,2,254,0
-27,-21,5,255,0
-26,-21,1,255,0
-24,-21,0,251,3
-23,-21,1,254,6
-22,-21,4,255,5
-20,-21,1,250,0
-19,-21,12,251,10
-18,-21,22,243,24
-17,-21,18,235,24
-16,-21,21,242,27
-15,-21,12,242,19
-14,-21,6,255,13
-13,-21,33,230,29
-12,-21,0,49,0
-11,-21,32,19,0
-10,-21,166,97,66
-9,-21,240,135,105
-8,-21,239,118,75
-7,-21,238,106,58
-6,-21,255,114,74
-5,-21,246,103,63
-4,-21,239,100,57
-3,-21,247,105,59
-2,-21,255,103,53
-1,-21,252,93,38
0,-21,251,88,33
1,-21,244,81,26
2,-21,248,87,33
3,-21,245,88,35
4,-21,236,84,34
5,-21,227,86,41
6,-21,239,110,78
7,-21,237,126,107
8,-21,159,69,69
9,-21,52,17,0
10,-21,0,47,0
11,-21,86,195,78
12,-21,80,207,74
13,-21,0,52,0
14,-21,0,91,0
15,-21,77,194,77
16,-21,46,222,51
17,-21,20,237,26
18,-21,7,248,11
19,-21,6,255,4
20,-21,1,252,0
21,-21,2,253,0
22,-21,5,255,8
23,-21,0,254,4
24,-21,3,255,8
26,-21,0,255,1
28,-21,0,255,1
-29,-20,0,255,2
-28,-20,0,255,1
-27,-20,0,255,1
-25,-20,3,255,5
-24,-20,1,251,4
-23,-20,5,255,8
-21,-20,2,250,3
-20,-20,24,252,19
-19,-20,28,230,24
-18,-20,54,224,55
-17,-20,61,216,63
-16,-20,53,210,57
-15,-20,45,230,49
-14,-20,9,246,16
-13,-20,45,235,39
-12,-20,0,32,0
-11,-20,62,14,0
-10,-20,169,85,57
-9,-20,231,123,85
-8,-20,241,113,64
-7,-20,221,83,36
-6,-20,203,62,32
-5,-20,201,61,36
-4,-20,193,57,33
-3,-20,191,51,24
-2,-20,211,62,32
-1,-20,222,68,30
0,-20,235,79,31
1,-20,234,77,24
2,-20,238,84,34
3,-20,250,100,50
4,-20,249,104,57
5,-20,217,81,43
6,-20,196,72,48
7,-20,185,78,68
8,-20,120,39,38
9,-20,42,9,0
10,-20,0,30,0
11,-20,108,174,100
12,-20,29,77,19
13,-20,108,141,98
14,-20,100,123,94
15,-20,74,116,70
16,-20,105,191,104
17,-20,74,208,75
18,-20,40,226,41
19,-20,22,244,23
20,-20,2,247,2
22,-20,1,255,0
23,-20,0,252,1
24,-20,6,251,6
25,-20,6,254,10
26,-20,0,255,3
27,-20,0,255,3
28,-20,0,255,3
-30,-19,2,255,7
-29,-19,3,255,9
-27,-19,0,255,4
-26,-19,0,255,3
-24,-19,5,255,7
-23,-19,5,248,6
-22,-19,16,246,16
-21,-19,32,238,31
-20,-19,55,221,49
-19,-19,0,61,0
-18,-19,0,49,0
-17,-19,0,52,0
-16,-19,0,47,0
-15,-19,0,52,0
-14,-19,52,218,46
-13,-19,72,200,51
-12,-19,34,34,0
-11,-19,78,6,0
-10,-19,185,90,58
-9,-19,253,138,93
-8,-19,244,113,61
-7,-19,195,54,8
-6,-19,146,7,0
-5,-19,145,6,0
-4,-19,142,6,0
-3,-19,138,3,0
-2,-19,151,10,0
-1,-19,162,18,0
0,-19,206,56,21
1,-19,235,84,41
2,-19,238,90,42
3,-19,255,109,62
4,-19,255,122,79
5,-19,215,85,51
6,-19,141,22,2
7,-19,105,4,0
8,-19,79,3,3
9,-19,48,11,2
10,-19,6,24,0
11,-19,4,34,0
12,-19,193,194,180
13,-19,255,245,245
14,-19,226,214,218
15,-19,126,127,119
16,-19,98,128,94
17,-19,87,154,83
18,-19,65,182,65
19,-19,56,223,58
20,-19,25,239,27
21,-19,10,255,10
22,-19,1,255,0
23,-19,1,255,0
24,-19,6,250,5
25,-19,6,251,6
26,-19,0,255,3
27,-19,0,255,1
28,-19,0,255,1
-30,-18,3,255,10
-29,-18,0,252,2
-28,-18,0,255,2
-25,-18,1,255,3
-24,-18,0,255,2
-23,-18,14,244,13
-22,-18,49,228,41
-21,-18,71,195,61
-20,-18,0,31,0
-19,-18,48,85,42
-18,-18,153,187,150
-17,-18,126,156,120
-16,-18,35,60,18
-15,-18,0,25,0
-14,-18,2,37,0
-13,-18,26,37,0
-12,-18,65,19,0
-11,-18,94,12,0
-10,-18,179,73,31
-9,-18,255,133,82
-8,-18,255,121,70
-7,-18,211,73,27
-6,-18,168,28,0
-5,-18,164,26,0
-4,-18,155,20,0
-3,-18,144,13,0
-2,-18,150,20,6
-1,-18,160,28,13
0,-18,202,63,42
1,-18,222,79,49
2,-18,237,92,47
3,-18,255,110,63
4,-18,252,112,76
5,-18,213,84,53
6,-18,140,30,5
7,-18,99,7,0
8,-18,80,6,5
9,-18,46,0,2
10,-18,20,5,0
11,-18,21,18,9
12,-18,166,156,154
13,-18,255,251,250
14,-18,200,195,192
15,-18,76,75,70
16,-18,89,95,85
17,-18,85,102,83
18,-18,100,134,99
19,-18,92,174,92
20,-18,52,214,53
21,-18,20,237,22
22,-18,6,252,3
24,-18,10,255,5
25,-18,5,251,0
-30,-17,1,251,6
-29,-17,0,251,2
-28,-17,4,255,2
-25,-17,0,252,1
-24,-17,8,244,11
-23,-17,38,232,39
-22,-17,0,52,0
-21,-17,0,40,0
-20,-17,5,16,0
-19,-17,88,77,83
-18,-17,255,251,248
-17,-17,238,235,226
-16,-17,70,58,46
-15,-17,26,4,0
-14,-17,40,8,0
-13,-17,54,6,0
-12,-17,68,0,0
-11,-17,108,19,0
-10,-17,195,85,36
-9,-17,249,124,68
-8,-17,251,117,64
-7,-17,240,99,53
-6,-17,241,102,61
-5,-17,240,101,68
-4,-17,187,51,25
-3,-17,138,8,0
-2,-17,139,14,0
-1,-17,138,11,0
0,-17,150,13,0
1,-17,157,15,0
2,-17,188,45,3
3,-17,240,98,52
4,-17,255,113,77
5,-17,221,88,57
6,-17,146,35,5
7,-17,98,6,0
8,-17,82,4,0
9,-17,60,3,9
10,-17,41,9,14
11,-17,17,1,4
12,-17,137,125,127
13,-17,255,250,251
14,-17,248,244,243
15,-17,243,239,240
16,-17,255,252,253
17,-17,242,237,241
18,-17,138,133,139
19,-17,70,108,71
20,-17,71,197,72
21,-17,38,232,39
22,-17,13,250,12
24,-17,3,254,0
25,-17,1,252,0
26,-17,1,255,0
-30,-16,6,255,5
-29,-16,5,254,2
-27,-16,5,255,3
-25,-16,10,246,14
-24,-16,42,230,47
-23,-16,0,65,0
-22,-16,52,117,53
-21,-16,110,132,109
-20,-16,106,108,103
-19,-16,154,148,148
-18,-16,248,243,237
-17,-16,214,205,196
-16,-16,126,109,101
-15,-16,113,89,79
-14,-16,116,87,73
-13,-16,122,75,55
-12,-16,124,52,27
-11,-16,133,39,1
-10,-16,172,62,9
-9,-16,242,119,59
-8,-16,243,108,52
-7,-16,247,106,53
-6,-16,241,101,48
-5,-16,239,101,55
-4,-16,186,47,18
-3,-16,154,16,0
-2,-16,156,26,0
-1,-16,149,14,0
0,-16,161,15,0
1,-16,186,36,11
2,-16,181,35,0
3,-16,234,89,45
4,-16,255,111,71
5,-16,226,86,50
6,-16,158,35,2
7,-16,111,7,0
8,-16,88,0,0
9,-16,63,0,0
10,-16,38,2,4
11,-16,13,0,0
12,-16,123,114,119
13,-16,248,243,249
14,-16,253,245,255
15,-16,239,234,241
16,-16,252,250,251
17,-16,255,255,255
18,-16,123,122,128
19,-16,22,59,28
20,-16,60,169,60
21,-16,46,220,45
22,-16,14,243,16
23,-16,0,255,3
24,-16,0,255,2
25,-16,0,255,2
26,-16,1,254,3
27,-16,0,255,1
-30,-15,5,252,0
-29,-15,5,255,0
-28,-15,7,255,4
-26,-15,1,254,3
-25,-15,19,243,23
-24,-15,55,216,60
-23,-15,0,70,0
-22,-15,197,230,199
-21,-15,252,252,252
-20,-15,254,250,247
-19,-15,255,251,245
-18,-15,255,251,243
-17,-15,255,243,235
-16,-15,255,241,236
-15,-15,255,238,229
-14,-15,255,235,220
-13,-15,255,216,190
-12,-15,248,168,133
-11,-15,208,107,61
-10,-15,216,103,45
-9,-15,212,86,25
-8,-15,234,95,38
-7,-15,234,91,35
-6,-15,241,100,46
-5,-15,240,99,53
-4,-15,229,88,58
-3,-15,239,101,73
-2,-15,241,109,70
-1,-15,238,102,62
0,-15,248,94,66
1,-15,241,84,53
2,-15,232,83,41
3,-15,236,90,43
4,-15,240,92,46
5,-15,230,87,45
6,-15,214,81,48
7,-15,207,88,64
8,-15,159,57,43
9,-15,84,7,1
10,-15,44,0,0
11,-15,21,1,2
12,-15,126,117,120
13,-15,255,250,255
14,-15,255,250,255
15,-15,249,237,247
16,-15,254,249,253
17,-15,245,245,245
18,-15,156,157,161
19,-15,86,111,89
20,-15,89,165,90
21,-15,68,206,67
22,-15,22,239,26
23,-15,0,254,2
24,-15,1,255,5
25,-15,0,255,3
26,-15,1,254,3
27,-15,1,254,3
28,-15,0,255,5
-30,-14,4,250,0
-29,-14,6,255,4
-27,-14,0,255,1
-26,-14,0,253,4
-25,-14,21,240,26
-24,-14,60,214,64
-23,-14,0,53,0
-22,-14,156,185,155
-21,-14,255,253,250
-20,-14,252,245,235
-19,-14,251,241,231
-18,-14,252,242,233
-17,-14,255,246,241
-16,-14,255,234,228
-15,-14,255,234,223
-14,-14,255,230,211
-13,-14,255,211,181
-12,-14,230,139,95
-11,-14,197,83,29
-10,-14,216,93,33
-9,-14,226,94,32
-8,-14,233,90,34
-7,-14,243,96,44
-6,-14,249,103,56
-5,-14,249,105,68
-4,-14,251,113,84
-3,-14,255,124,94
-2,-14,249,121,82
-1,-14,250,117,74
0,-14,252,98,60
1,-14,253,94,52
2,-14,242,90,40
3,-14,229,82,28
4,-14,228,87,31
5,-14,229,88,42
6,-14,231,90,60
7,-14,243,111,90
8,-14,201,84,67
9,-14,102,12,1
10,-14,56,3,0
11,-14,35,7,4
12,-14,184,169,166
13,-14,255,247,247
14,-14,255,246,252
15,-14,255,245,254
16,-14,255,243,250
17,-14,255,252,255
18,-14,222,221,217
19,-14,138,146,135
20,-14,119,143,119
21,-14,97,185,98
22,-14,34,232,31
24,-14,4,254,0
25,-14,4,254,0
26,-14,1,255,0
28,-14,3,255,12
-30,-13,7,255,4
-27,-13,0,255,2
-26,-13,2,255,6
-25,-13,21,238,25
-24,-13,61,214,64
-23,-13,0,57,0
-22,-13,169,195,170
-21,-13,255,249,247
-20,-13,255,249,237
-19,-13,146,128,114
-18,-13,89,66,58
-17,-13,90,61,55
-16,-13,116,79,71
-15,-13,121,74,64
-14,-13,130,77,59
-13,-13,145,71,42
-12,-13,153,48,1
-11,-13,209,88,31
-10,-13,255,134,74
-9,-13,246,116,58
-8,-13,238,96,46
-7,-13,220,73,29
-6,-13,189,40,7
-5,-13,178,34,7
-4,-13,175,40,18
-3,-13,169,43,18
-2,-13,177,52,20
-1,-13,183,51,13
0,-13,215,65,28
1,-13,230,74,34
2,-13,224,76,30
3,-13,237,95,45
4,-13,237,103,52
5,-13,232,101,57
6,-13,232,94,68
7,-13,222,89,74
8,-13,185,63,50
9,-13,113,15,4
10,-13,66,3,0
11,-13,50,9,5
12,-13,152,123,117
13,-13,217,189,185
14,-13,218,183,187
15,-13,209,177,182
16,-13,213,186,193
17,-13,211,191,193
18,-13,173,158,155
19,-13,124,126,112
20,-13,119,150,118
21,-13,84,181,84
22,-13,32,235,31
23,-13,6,255,4
25,-13,8,255,3
26,-13,1,255,0
27,-13,1,255,2
28,-13,0,252,2
-30,-12,1,255,2
-26,-12,0,253,2
-25,-12,21,240,24
-24,-12,63,216,64
-23,-12,0,59,0
-22,-12,198,221,201
-21,-12,252,239,246
-20,-12,255,242,235
-19,-12,179,150,136
-18,-12,49,5,0
-17,-12,59,2,0
-16,-12,67,3,0
-15,-12,82,6,0
-14,-12,98,11,0
-13,-12,110,11,0
-12,-12,157,42,0
-11,-12,241,120,67
-10,-12,255,142,88
-9,-12,255,134,83
-8,-12,254,121,80
-7,-12,196,56,23
-6,-12,158,13,0
-5,-12,143,3,0
-4,-12,138,8,0
-3,-12,126,2,0
-2,-12,133,10,0
-1,-12,149,20,0
0,-12,210,68,44
1,-12,236,90,65
2,-12,237,97,70
3,-12,254,123,93
4,-12,252,129,95
5,-12,245,126,94
6,-12,248,127,110
7,-12,251,130,121
8,-12,205,92,86
9,-12,114,17,11
10,-12,73,0,0
11,-12,60,0,0
12,-12,60,7,0
13,-12,53,3,0
14,-12,54,0,0
15,-12,56,4,8
16,-12,55,11,12
17,-12,44,4,5
18,-12,49,10,15
19,-12,90,97,66
20,-12,113,210,107
21,-12,56,226,59
22,-12,16,242,20
24,-12,1,255,2
27,-12,4,255,0
28,-12,7,254,0
-30,-11,0,254,1
-29,-11,3,255,5
-28,-11,2,255,0
-27,-11,7,255,4
-26,-11,1,255,0
-25,-11,13,244,14
-24,-11,45,227,46
-23,-11,0,65,0
-22,-11,43,102,46
-21,-11,106,118,98
-20,-11,128,110,96
-19,-11,104,60,47
-18,-11,82,16,0
-17,-11,95,14,0
-16,-11,152,59,44
-15,-11,191,85,69
-14,-11,189,73,50
-13,-11,207,84,51
-12,-11,226,100,52
-11,-11,234,110,58
-10,-11,201,83,33
-9,-11,183,62,19
-8,-11,180,47,14
-7,-11,168,28,3
-6,-11,180,35,18
-5,-11,199,57,45
-4,-11,176,45,35
-3,-11,140,18,7
-2,-11,128,6,0
-1,-11,140,17,1
0,-11,181,49,34
1,-11,203,70,55
2,-11,204,74,60
3,-11,207,84,66
4,-11,207,93,67
5,-11,202,92,69
6,-11,202,92,79
7,-11,206,97,90
8,-11,171,66,62
9,-11,103,4,0
10,-11,94,6,2
11,-11,87,7,0
12,-11,89,11,0
13,-11,106,30,17
14,-11,116,37,32
15,-11,98,23,18
16,-11,90,21,14
17,-11,97,32,28
18,-11,117,52,56
19,-11,125,108,78
20,-11,106,183,79
21,-11,70,209,54
22,-11,57,221,46
23,-11,38,228,30
24,-11,30,241,24
25,-11,14,246,12
26,-11,3,251,5
28,-11,5,253,0
-30,-10,0,255,6
-28,-10,4,255,0
-26,-10,2,255,0
-25,-10,1,255,0
-24,-10,7,246,3
-23,-10,38,237,34
-22,-10,0,56,0
-21,-10,0,41,0
-20,-10,16,11,0
-19,-10,61,5,0
-18,-10,94,9,0
-17,-10,118,12,0
-16,-10,188,66,43
-15,-10,239,108,78
-14,-10,248,108,72
-13,-10,232,91,46
-12,-10,253,117,65
-11,-10,243,112,60
-10,-10,164,37,0
-9,-10,134,6,0
-8,-10,149,11,0
-7,-10,160,16,0
-6,-10,220,71,51
-5,-10,252,107,88
-4,-10,198,65,46
-3,-10,134,11,0
-2,-10,119,0,0
-1,-10,121,4,0
0,-10,122,4,0
1,-10,130,12,2
2,-10,118,0,0
3,-10,115,2,0
4,-10,117,11,0
5,-10,104,4,0
6,-10,103,2,0
7,-10,112,11,3
8,-10,106,5,0
9,-10,106,5,0
10,-10,111,10,0
11,-10,111,11,0
12,-10,139,38,18
13,-10,205,103,81
14,-10,245,139,125
15,-10,251,148,133
16,-10,237,138,119
17,-10,199,103,87
18,-10,142,47,43
19,-10,95,23,11
20,-10,61,33,0
21,-10,32,36,0
22,-10,22,41,0
23,-10,2,58,0
24,-10,81,199,59
25,-10,49,225,39
26,-10,11,244,13
27,-10,2,255,7
-30,-9,0,255,5
-29,-9,2,255,8
-28,-9,4,255,2
-27,-9,4,255,0
-26,-9,2,255,0
-23,-9,12,247,7
-22,-9,49,226,47
-21,-9,93,192,76
-20,-9,22,21,0
-19,-9,82,14,1
-18,-9,169,69,46
-17,-9,188,65,34
-16,-9,205,62,30
-15,-9,234,82,43
-14,-9,244,89,41
-13,-9,233,82,29
-12,-9,242,97,40
-11,-9,243,104,49
-10,-9,206,69,23
-9,-9,184,46,7
-8,-9,185,42,10
-7,-9,185,37,9
-6,-9,208,54,28
-5,-9,218,66,42
-4,-9,189,50,27
-3,-9,152,23,1
-2,-9,141,19,0
-1,-9,137,20,2
0,-9,148,38,23
1,-9,160,52,39
2,-9,138,26,15
3,-9,130,18,4
4,-9,140,35,13
5,-9,132,32,9
6,-9,118,17,5
7,-9,108,7,0
8,-9,103,1,0
9,-9,131,25,9
10,-9,141,32,9
11,-9,139,25,0
12,-9,152,33,3
13,-9,214,90,62
14,-9,245,117,92
15,-9,243,115,88
16,-9,240,115,83
17,-9,201,80,51
18,-9,165,44,27
19,-9,122,10,0
20,-9,106,15,0
21,-9,89,12,0
22,-9,69,0,0
23,-9,53,19,0
24,-9,4,32,0
25,-9,0,60,0
26,-9,38,233,32
27,-9,0,244,3
28,-9,1,255,2
-30,-8,0,253,4
-29,-8,0,255,6
-26,-8,1,255,0
-25,-8,2,255,2
-24,-8,2,255,2
-23,-8,15,247,13
-22,-8,38,226,28
-21,-8,90,201,63
-20,-8,25,19,0
-19,-8,100,21,8
-18,-8,208,100,72
-17,-8,243,111,73
-16,-8,250,94,53
-15,-8,243,81,34
-14,-8,244,85,30
-13,-8,247,93,33
-12,-8,242,90,27
-11,-8,239,89,28
-10,-8,250,101,45
-9,-8,249,99,49
-8,-8,238,89,46
-7,-8,233,79,41
-6,-8,205,45,11
-5,-8,178,19,0
-4,-8,176,31,4
-3,-8,205,69,43
-2,-8,240,112,87
-1,-8,250,131,107
0,-8,255,150,127
1,-8,255,152,132
2,-8,237,124,108
3,-8,242,127,109
4,-8,255,148,123
5,-8,233,127,103
6,-8,167,59,49
7,-8,113,4,0
8,-8,137,25,11
9,-8,223,109,83
10,-8,245,129,92
11,-8,235,113,72
12,-8,220,91,52
13,-8,235,99,61
14,-8,243,99,64
15,-8,231,85,46
16,-8,238,91,47
17,-8,233,88,44
18,-8,228,84,49
19,-8,226,91,59
20,-8,232,113,79
21,-8,208,103,71
22,-8,195,97,72
23,-8,199,117,93
24,-8,121,62,32
25,-8,24,38,0
26,-8,73,209,49
27,-8,28,237,22
28,-8,12,247,5
-30,-7,1,255,7
-29,-7,0,252,2
-28,-7,3,255,2
-26,-7,3,255,4
-25,-7,3,251,4
-24,-7,9,246,8
-23,-7,32,234,24
-22,-7,69,216,48
-21,-7,0,47,0
-20,-7,57,26,0
-19,-7,118,25,8
-18,-7,206,89,56
-17,-7,239,102,56
-16,-7,237,82,28
-15,-7,254,89,31
-14,-7,246,86,26
-13,-7,241,83,20
-12,-7,249,93,32
-11,-7,246,90,31
-10,-7,243,87,30
-9,-7,240,85,31
-8,-7,238,86,36
-7,-7,236,81,37
-6,-7,219,55,18
-5,-7,192,29,0
-4,-7,178,27,0
-3,-7,201,60,33
-2,-7,240,106,81
-1,-7,243,117,92
0,-7,230,114,89
1,-7,230,116,92
2,-7,246,125,106
3,-7,255,138,117
4,-7,249,134,107
5,-7,218,102,79
6,-7,174,55,47
7,-7,125,4,0
8,-7,141,19,0
9,-7,229,106,72
10,-7,247,125,76
11,-7,235,108,57
12,-7,244,108,66
13,-7,248,105,65
14,-7,247,95,56
15,-7,239,84,40
16,-7,239,83,32
17,-7,246,92,40
18,-7,243,92,47
19,-7,241,99,53
20,-7,241,106,58
21,-7,238,113,67
22,-7,234,111,77
23,-7,222,106,83
24,-7,179,69,56
25,-7,80,27,0
26,-7,0,54,0
27,-7,73,207,48
28,-7,45,227,28
-30,-6,0,253,5
-29,-6,2,255,6
-26,-6,0,255,4
-25,-6,9,252,10
-24,-6,26,235,19
-23,-6,66,213,45
-22,-6,0,35,0
-21,-6,41,18,0
-20,-6,95,19,0
-19,-6,145,35,10
-18,-6,214,91,50
-17,-6,231,96,40
-16,-6,236,89,20
-15,-6,250,96,26
-14,-6,247,89,24
-13,-6,242,82,24
-12,-6,251,92,36
-11,-6,254,94,42
-10,-6,255,100,49
-9,-6,255,101,51
-8,-6,245,97,49
-7,-6,242,91,48
-6,-6,245,82,47
-5,-6,248,85,54
-4,-6,206,51,23
-3,-6,163,18,0
-2,-6,163,21,0
-1,-6,163,27,5
0,-6,155,23,2
1,-6,161,30,10
2,-6,166,33,16
3,-6,166,36,14
4,-6,165,40,12
5,-6,162,36,13
6,-6,159,26,19
7,-6,141,4,0
8,-6,159,23,0
9,-6,236,103,60
10,-6,254,125,67
11,-6,230,101,43
12,-6,207,69,30
13,-6,188,44,10
14,-6,198,48,11
15,-6,238,85,43
16,-6,233,81,32
17,-6,237,90,38
18,-6,231,89,39
19,-6,228,88,35
20,-6,226,87,28
21,-6,238,99,44
22,-6,241,99,61
23,-6,221,83,54
24,-6,202,74,49
25,-6,171,74,42
26,-6,121,78,35
27,-6,14,35,0
28,-6,92,191,62
-30,-5,4,255,8
-28,-5,1,255,0
-27,-5,3,255,1
-26,-5,0,255,4
-25,-5,6,237,7
-24,-5,56,226,42
-23,-5,0,52,0
-22,-5,58,42,0
-21,-5,120,41,26
-20,-5,137,33,8
-19,-5,164,42,5
-18,-5,216,84,36
-17,-5,237,97,38
-16,-5,235,88,19
-15,-5,234,81,11
-14,-5,247,89,28
-13,-5,254,95,40
-12,-5,253,95,48
-11,-5,255,98,57
-10,-5,255,103,63
-9,-5,255,105,66
-8,-5,255,111,70
-7,-5,252,103,63
-6,-5,252,89,58
-5,-5,248,83,53
-4,-5,211,54,21
-3,-5,176,25,0
-2,-5,166,21,0
-1,-5,161,17,0
0,-5,158,14,0
1,-5,161,17,0
2,-5,158,16,0
3,-5,159,21,0
4,-5,154,21,0
5,-5,155,22,0
6,-5,163,21,7
7,-5,153,7,0
8,-5,168,24,0
9,-5,230,90,39
10,-5,255,130,62
11,-5,242,110,48
12,-5,201,63,27
13,-5,162,21,0
14,-5,171,23,0
15,-5,230,83,49
16,-5,255,114,71
17,-5,254,116,70
18,-5,255,120,74
19,-5,241,103,54
20,-5,232,91,35
21,-5,235,92,36
22,-5,251,103,57
23,-5,239,91,53
24,-5,225,87,51
25,-5,239,115,89
26,-5,209,109,94
27,-5,90,39,10
28,-5,11,33,0
-28,-4,3,255,0
-26,-4,0,255,6
-25,-4,27,240,28
-24,-4,86,200,63
-23,-4,15,40,0
-22,-4,153,99,55
-21,-4,224,124,92
-20,-4,220,103,59
-19,-4,230,99,47
-18,-4,251,107,55
-17,-4,255,105,50
-16,-4,245,90,33
-15,-4,239,83,26
-14,-4,253,93,41
-13,-4,238,80,35
-12,-4,191,37,3
-11,-4,177,26,0
-10,-4,175,26,2
-9,-4,174,28,3
-8,-4,184,39,12
-7,-4,181,30,1
-6,-4,211,47,19
-5,-4,244,79,47
-4,-4,247,88,49
-3,-4,237,86,43
-2,-4,236,90,49
-1,-4,236,92,55
0,-4,241,88,56
1,-4,237,84,52
2,-4,229,81,45
3,-4,234,93,50
4,-4,228,92,44
5,-4,221,83,37
6,-4,225,80,49
7,-4,224,75,43
8,-4,223,72,25
9,-4,228,84,23
10,-4,255,118,48
11,-4,255,123,62
12,-4,201,63,34
13,-4,151,11,0
14,-4,160,20,3
15,-4,191,56,34
16,-4,206,78,51
17,-4,206,78,49
18,-4,216,77,48
19,-4,214,71,37
20,-4,213,76,30
21,-4,226,89,37
22,-4,251,107,54
23,-4,245,101,49
24,-4,233,90,46
25,-4,230,97,66
26,-4,191,78,60
27,-4,116,33,15
28,-4,56,11,0
-26,-3,0,255,7
-25,-3,36,232,34
-24,-3,0,45,0
-23,-3,48,28,0
-22,-3,163,81,43
-21,-3,241,125,84
-20,-3,232,105,52
-19,-3,232,93,36
-18,-3,244,94,41
-17,-3,255,102,51
-16,-3,255,95,47
-15,-3,255,94,48
-14,-3,255,103,58
-13,-3,247,91,53
-12,-3,184,34,9
-11,-3,156,11,0
-10,-3,156,11,0
-9,-3,165,19,0
-8,-3,173,25,0
-7,-3,167,12,0
-6,-3,199,34,6
-5,-3,248,81,47
-4,-3,255,101,59
-3,-3,255,102,56
-2,-3,253,107,58
-1,-3,250,104,57
0,-3,254,99,55
1,-3,255,98,53
2,-3,255,107,57
3,-3,250,103,49
4,-3,248,105,45
5,-3,255,113,55
6,-3,255,108,60
7,-3,255,104,57
8,-3,254,103,46
9,-3,237,92,27
10,-3,242,103,34
11,-3,255,124,68
12,-3,200,62,36
13,-3,140,3,0
14,-3,148,14,3
15,-3,148,20,7
16,-3,135,15,0
17,-3,138,16,0
18,-3,146,7,0
19,-3,158,13,0
20,-3,161,19,0
21,-3,219,78,32
22,-3,255,113,57
23,-3,245,102,46
24,-3,249,107,61
25,-3,243,110,77
26,-3,170,58,38
27,-3,99,17,0
28,-3,68,24,0
-30,-2,1,254,5
-29,-2,1,255,1
-28,-2,3,255,0
-26,-2,2,255,7
-25,-2,44,227,38
-24,-2,2,45,0
-23,-2,65,15,0
-22,-2,177,80,48
-21,-2,247,124,83
-20,-2,231,97,46
-19,-2,221,78,22
-18,-2,243,94,38
-17,-2,255,103,54
-16,-2,227,63,25
-15,-2,197,33,0
-14,-2,199,41,6
-13,-2,206,53,21
-12,-2,171,27,1
-11,-2,157,15,0
-10,-2,187,42,13
-9,-2,228,79,47
-8,-2,231,77,43
-7,-2,209,49,17
-6,-2,204,36,7
-5,-2,212,43,10
-4,-2,220,54,14
-3,-2,235,77,30
-2,-2,241,91,40
-1,-2,234,88,31
0,-2,242,89,31
1,-2,249,93,32
2,-2,248,95,28
3,-2,244,92,25
4,-2,242,93,25
5,-2,249,102,33
6,-2,244,96,32
7,-2,239,91,27
8,-2,244,96,32
9,-2,234,91,25
10,-2,234,94,32
11,-2,249,111,62
12,-2,196,60,36
13,-2,138,4,0
14,-2,143,12,4
15,-2,147,23,13
16,-2,133,15,3
17,-2,136,13,0
18,-2,163,23,0
19,-2,193,44,12
20,-2,180,30,0
21,-2,230,78,39
22,-2,253,106,55
23,-2,231,87,35
24,-2,232,95,49
25,-2,230,110,75
26,-2,174,75,56
27,-2,127,77,44
28,-2,82,105,25
-30,-1,0,255,5
-29,-1,2,255,5
-27,-1,2,255,0
-26,-1,0,252,1
-25,-1,46,222,35
-24,-1,8,35,0
-23,-1,80,17,2
-22,-1,173,75,46
-21,-1,245,126,84
-20,-1,236,104,55
-19,-1,227,86,33
-18,-1,242,95,43
-17,-1,246,91,43
-16,-1,207,48,9
-15,-1,180,20,0
-14,-1,171,14,0
-13,-1,179,29,0
-12,-1,164,20,0
-11,-1,164,21,0
-10,-1,205,57,19
-9,-1,248,95,53
-8,-1,249,88,46
-7,-1,227,61,21
-6,-1,209,45,10
-5,-1,184,17,0
-4,-1,194,26,0
-3,-1,229,66,23
-2,-1,246,91,43
-1,-1,250,99,44
0,-1,253,99,37
1,-1,249,94,27
2,-1,240,83,12
3,-1,253,96,25
4,-1,251,97,27
5,-1,246,93,23
6,-1,243,92,21
7,-1,241,94,24
8,-1,247,102,39
9,-1,247,104,46
10,-1,241,100,47
11,-1,243,104,63
12,-1,192,56,34
13,-1,138,4,0
14,-1,134,6,0
15,-1,135,11,0
16,-1,123,1,0
17,-1,136,7,0
18,-1,173,30,0
19,-1,228,75,41
20,-1,236,79,46
21,-1,247,91,53
22,-1,241,93,47
23,-1,227,89,42
24,-1,215,90,46
25,-1,184,91,47
26,-1,213,171,121
27,-1,219,242,160
28,-1,91,193,55
-29,0,0,255,3
-27,0,3,254,1
-26,0,7,255,3
-25,0,46,223,29
-24,0,23,50,0
-23,0,69,9,0
-22,0,160,75,44
-21,0,229,122,80
-20,0,212,87,41
-19,0,217,80,34
-18,0,241,96,51
-17,0,245,97,51
-16,0,225,77,31
-15,0,218,70,22
-14,0,226,73,29
-13,0,232,80,39
-12,0,224,78,41
-11,0,223,75,37
-10,0,238,83,35
-9,0,243,82,28
-8,0,244,77,24
-7,0,238,70,21
-6,0,235,74,30
-5,0,212,50,11
-4,0,214,46,9
-3,0,223,55,18
-2,0,229,67,28
-1,0,238,80,33
0,0,242,85,32
1,0,250,92,31
2,0,254,95,29
3,0,254,92,27
4,0,253,89,28
5,0,252,90,28
6,0,248,94,24
7,0,246,99,30
8,0,243,100,44
9,0,232,91,45
10,0,233,91,51
11,0,228,89,56
12,0,185,49,27
13,0,147,14,0
14,0,138,9,0
15,0,147,18,0
16,0,153,18,0
17,0,167,27,0
18,0,188,39,7
19,0,223,69,33
20,0,246,90,52
21,0,244,91,50
22,0,231,88,44
23,0,220,91,49
24,0,214,102,64
25,0,166,118,54
26,0,122,181,65
27,0,71,212,46
28,0,37,235,26
-30,1,0,255,3
-29,1,0,255,1
-28,1,4,255,6
-27,1,2,253,0
-26,1,3,255,0
-25,1,42,229,26
-24,1,0,58,0
-23,1,42,18,0
-22,1,139,76,43
-21,1,240,150,116
-20,1,234,124,89
-19,1,242,120,83
-18,1,246,116,80
-17,1,241,105,67
-16,1,232,93,50
-15,1,238,93,46
-14,1,255,105,55
-13,1,255,108,58
-12,1,251,102,59
-11,1,249,98,51
-10,1,255,97,42
-9,1,248,83,25
-8,1,255,86,31
-7,1,253,87,35
-6,1,246,89,38
-5,1,241,83,38
-4,1,231,63,26
-3,1,202,32,0
-2,1,188,24,0
-1,1,189,30,0
0,1,206,45,0
1,1,248,89,34
2,1,255,95,33
3,1,247,84,19
4,1,255,86,29
5,1,254,88,30
6,1,245,90,23
7,1,255,105,42
8,1,232,87,40
9,1,174,32,0
10,1,157,16,0
11,1,160,21,0
12,1,155,18,0
13,1,156,21,1
14,1,153,23,0
15,1,202,71,43
16,1,247,106,78
17,1,245,101,67
18,1,235,87,51
19,1,242,94,56
20,1,238,90,54
21,1,213,85,40
22,1,199,104,46
23,1,175,110,42
24,1,174,134,64
25,1,143,172,66
26,1,69,209,38
27,1,26,240,20
28,1,4,252,5
-30,2,2,255,5
-28,2,1,255,4
-27,2,2,255,3
-25,2,31,240,24
-24,2,77,199,62
-23,2,0,42,0
-22,2,80,49,18
-21,2,163,87,74
-20,2,160,73,53
-19,2,169,73,49
-18,2,166,64,39
-17,2,188,74,48
-16,2,211,80,50
-15,2,225,81,46
-14,2,234,86,38
-13,2,234,83,30
-12,2,239,89,38
-11,2,243,92,37
-10,2,240,81,23
-9,2,247,87,29
-8,2,247,86,34
-7,2,250,90,40
-6,2,245,90,34
-5,2,245,88,37
-4,2,229,63,25
-3,2,196,29,0
-2,2,185,21,0
-1,2,186,27,0
0,2,220,61,21
1,2,255,98,50
2,2,252,94,33
3,2,246,84,19
4,2,252,86,26
5,2,246,81,23
6,2,244,86,23
7,2,255,104,50
8,2,238,86,47
9,2,172,24,0
10,2,155,12,0
11,2,147,9,0
12,2,153,16,0
13,2,152,17,0
14,2,160,30,0
15,2,210,77,42
16,2,240,97,63
17,2,233,89,52
18,2,233,92,49
19,2,229,93,53
20,2,217,88,56
21,2,191,108,58
22,2,120,113,23
23,2,82,133,14
24,2,59,148,6
25,2,72,213,39
26,2,35,234,19
27,2,10,249,6
-30,3,1,254,3
-29,3,1,255,2
-28,3,1,255,2
-26,3,4,255,4
-25,3,15,242,12
-24,3,44,224,39
-23,3,0,56,0
-22,3,3,28,0
-21,3,38,16,0
-20,3,45,16,0
-19,3,45,11,0
-18,3,62,22,0
-17,3,83,20,0
-16,3,133,24,0
-15,3,215,80,50
-14,3,232,89,49
-13,3,243,97,50
-12,3,255,109,60
-11,3,244,97,46
-10,3,248,96,46
-9,3,252,97,49
-8,3,255,102,61
-7,3,251,96,52
-6,3,240,86,32
-5,3,246,89,36
-4,3,231,68,27
-3,3,189,24,0
-2,3,175,11,0
-1,3,182,22,0
0,3,211,50,8
1,3,255,98,46
2,3,255,97,32
3,3,236,78,7
4,3,247,84,19
5,3,244,82,18
6,3,247,93,31
7,3,255,111,58
8,3,231,77,41
9,3,161,11,0
10,3,152,10,0
11,3,149,12,4
12,3,168,30,17
13,3,195,60,38
14,3,213,83,49
15,3,245,113,75
16,3,245,107,71
17,3,223,91,52
18,3,198,84,34
19,3,176,87,29
20,3,196,141,76
21,3,187,190,99
22,3,102,190,51
23,3,66,213,37
24,3,49,229,33
25,3,26,236,17
26,3,13,248,6
27,3,1,255,0
-27,4,2,254,0
-26,4,0,252,1
-25,4,8,252,7
-24,4,20,250,17
-23,4,42,226,30
-22,4,1,108,0
-21,4,79,145,45
-20,4,78,141,37
-19,4,79,140,36
-18,4,71,130,22
-17,4,99,116,24
-16,4,138,68,17
-15,4,181,62,32
-14,4,214,80,53
-13,4,230,91,62
-12,4,236,97,64
-11,4,238,100,64
-10,4,238,98,62
-9,4,241,98,64
-8,4,245,97,69
-7,4,246,96,63
-6,4,248,96,47
-5,4,247,91,40
-4,4,220,57,16
-3,4,193,26,0
-2,4,189,25,0
-1,4,199,33,0
0,4,215,49,0
1,4,252,88,25
2,4,253,93,19
3,4,240,83,4
4,4,252,92,18
5,4,245,88,17
6,4,242,95,28
7,4,255,111,54
8,4,237,84,43
9,4,170,20,0
10,4,148,10,0
11,4,145,12,5
12,4,162,26,12
13,4,208,76,53
14,4,252,123,92
15,4,255,132,99
16,4,240,111,80
17,4,180,72,33
18,4,124,58,0
19,4,128,121,30
20,4,119,186,54
21,4,78,210,38
22,4,41,229,20
23,4,22,244,11
24,4,13,244,6
25,4,13,253,8
26,4,4,254,0
27,4,1,255,0
28,4,0,255,1
-29,5,2,255,0
-28,5,1,255,0
-27,5,6,255,1
-26,5,4,255,4
-25,5,0,252,1
-23,5,16,242,10
-22,5,59,220,44
-21,5,82,208,62
-20,5,90,204,67
-19,5,86,196,63
-18,5,87,193,57
-17,5,122,176,65
-16,5,224,174,115
-15,5,138,27,0
-14,5,129,3,0
-13,5,147,12,0
-12,5,146,12,0
-11,5,158,25,0
-10,5,159,24,0
-9,5,158,21,0
-8,5,157,13,0
-7,5,162,14,0
-6,5,180,31,0
-5,5,192,37,0
-4,5,190,26,0
-3,5,226,60,22
-2,5,255,89,49
-1,5,254,89,43
0,5,249,84,28
1,5,247,85,20
2,5,246,88,14
3,5,251,94,15
4,5,252,95,18
5,5,245,91,17
6,5,238,94,24
7,5,249,106,46
8,5,247,95,46
9,5,180,30,0
10,5,146,9,0
11,5,146,15,5
12,5,151,19,4
13,5,165,39,17
14,5,174,54,30
15,5,189,79,52
16,5,209,112,79
17,5,155,100,43
18,5,146,164,64
19,5,100,189,45
20,5,63,222,33
21,5,26,236,13
22,5,8,250,5
23,5,1,255,1
24,5,0,255,2
27,5,1,255,0
28,5,3,253,5
-29,6,1,255,0
-26,6,2,253,0
-25,6,6,255,4
-23,6,14,251,15
-22,6,40,231,31
-21,6,58,210,40
-20,6,75,201,57
-19,6,94,201,71
-18,6,94,195,65
-17,6,125,174,69
-16,6,197,146,91
-15,6,139,30,1
-14,6,139,15,0
-13,6,159,28,0
-12,6,159,29,0
-11,6,151,19,0
-10,6,163,25,0
-9,6,161,22,0
-8,6,168,23,0
-7,6,165,17,0
-6,6,174,23,0
-5,6,180,26,0
-4,6,188,28,0
-3,6,231,67,29
-2,6,255,92,47
-1,6,255,97,43
0,6,252,97,43
1,6,241,91,30
2,6,247,93,23
3,6,251,95,20
4,6,249,88,16
5,6,244,87,16
6,6,240,96,26
7,6,248,106,40
8,6,246,93,35
9,6,186,35,0
10,6,150,11,0
11,6,132,2,0
12,6,138,13,0
13,6,134,17,0
14,6,110,4,0
15,6,122,42,19
16,6,190,147,102
17,6,169,200,106
18,6,74,212,41
19,6,35,236,20
20,6,23,243,11
21,6,13,248,5
22,6,3,251,4
23,6,0,254,4
24,6,0,255,6
25,6,0,255,8
27,6,1,255,0
28,6,3,253,5
-30,7,27,234,30
-29,7,28,235,31
-28,7,28,235,31
-27,7,27,246,28
-26,7,8,247,4
-24,7,0,255,5
-23,7,13,244,14
-22,7,47,221,35
-21,7,0,91,0
-20,7,0,76,0
-19,7,9,66,0
-18,7,23,69,0
-17,7,64,65,0
-16,7,112,35,0
-15,7,187,66,35
-14,7,208,75,44
-13,7,235,97,61
-12,7,244,106,67
-11,7,239,101,55
-10,7,243,101,53
-9,7,244,99,52
-8,7,241,95,54
-7,7,236,88,52
-6,7,242,92,57
-5,7,238,84,48
-4,7,243,85,46
-3,7,248,87,41
-2,7,249,86,31
-1,7,250,90,32
0,7,239,90,32
1,7,236,90,31
2,7,246,94,29
3,7,246,89,22
4,7,253,94,26
5,7,244,90,18
6,7,242,94,24
7,7,249,102,33
8,7,246,92,28
9,7,221,70,17
10,7,204,61,27
11,7,189,57,32
12,7,163,37,15
13,7,130,17,0
14,7,106,8,0
15,7,103,54,21
16,7,92,125,38
17,7,83,203,54
18,7,23,236,20
19,7,0,255,6
20,7,5,255,3
21,7,5,255,0
23,7,3,255,9
24,7,0,255,9
28,7,1,254,5
-30,8,86,202,95
-29,8,98,211,105
-28,8,113,219,119
-27,8,63,205,67
-26,8,23,243,23
-25,8,2,255,1
-23,8,29,240,23
-22,8,84,201,60
-21,8,23,66,0
-20,8,25,18,0
-19,8,51,10,0
-18,8,72,12,0
-17,8,101,16,0
-16,8,156,34,0
-15,8,211,67,32
-14,8,239,87,50
-13,8,252,97,53
-12,8,249,99,46
-11,8,250,102,42
-10,8,246,96,37
-9,8,252,103,45
-8,8,248,103,48
-7,8,255,113,60
-6,8,252,100,50
-5,8,249,95,43
-4,8,255,102,45
-3,8,247,93,33
-2,8,250,91,25
-1,8,254,97,30
0,8,245,97,33
1,8,244,98,38
2,8,243,89,35
3,8,244,89,32
4,8,254,103,34
5,8,246,95,22
6,8,248,91,20
7,8,250,93,24
8,8,252,95,28
9,8,255,103,43
10,8,240,94,47
11,8,246,108,71
12,8,218,87,57
13,8,141,22,0
14,8,100,0,0
15,8,41,25,0
16,8,84,210,51
17,8,23,237,19
18,8,9,254,13
19,8,0,255,4
21,8,4,255,0
24,8,2,253,0
25,8,3,255,1
27,8,0,255,1
28,8,0,255,5
-30,9,0,43,0
-29,9,1,46,3
-28,9,29,67,30
-27,9,75,163,76
-26,9,36,228,33
-25,9,14,247,8
-24,9,27,237,18
-23,9,64,215,42
-22,9,66,120,24
-21,9,53,34,0
-20,9,87,19,8
-19,9,122,20,16
-18,9,164,49,31
-17,9,202,71,41
-16,9,217,74,32
-15,9,238,83,37
-14,9,247,87,39
-13,9,247,86,34
-12,9,252,94,33
-11,9,244,90,26
-10,9,247,94,34
-9,9,240,94,35
-8,9,234,93,39
-7,9,237,97,44
-6,9,239,98,45
-5,9,238,97,43
-4,9,235,96,39
-3,9,231,91,30
-2,9,240,95,32
-1,9,238,93,30
0,9,240,97,37
1,9,240,99,45
2,9,236,90,41
3,9,242,95,43
4,9,243,99,36
5,9,242,95,26
6,9,252,94,29
7,9,251,89,25
8,9,253,94,29
9,9,253,97,36
10,9,244,93,38
11,9,233,88,41
12,9,216,76,41
13,9,169,44,16
14,9,133,31,6
15,9,83,66,0
16,9,73,202,40
17,9,26,241,23
18,9,1,248,7
19,9,0,255,6
20,9,0,255,1
22,9,3,255,0
23,9,1,255,0
24,9,5,252,0
25,9,4,254,0
26,9,0,255,1
27,9,0,255,1
28,9,0,255,3
-30,10,22,29,13
-29,10,0,5,0
-28,10,34,38,21
-27,10,133,188,120
-26,10,60,215,49
-25,10,49,224,33
-24,10,85,199,60
-23,10,145,196,103
-22,10,126,113,58
-21,10,72,8,0
-20,10,100,0,0
-19,10,137,17,1
-18,10,181,57,21
-17,10,218,86,37
-16,10,229,89,28
-15,10,245,95,32
-14,10,247,88,30
-13,10,250,87,28
-12,10,254,95,30
-11,10,239,85,23
-10,10,244,97,45
-9,10,248,107,61
-8,10,238,107,63
-7,10,236,110,70
-6,10,231,112,72
-5,10,233,115,75
-4,10,237,118,76
-3,10,240,119,74
-2,10,242,118,67
-1,10,242,114,65
0,10,239,111,66
1,10,237,106,62
2,10,239,111,62
3,10,243,112,58
4,10,241,105,47
5,10,248,105,47
6,10,246,95,42
7,10,249,92,39
8,10,255,94,39
9,10,246,83,26
10,10,255,100,43
11,10,242,90,40
12,10,247,98,58
13,10,236,102,67
14,10,237,128,95
15,10,255,220,165
16,10,220,255,163
17,10,77,206,53
18,10,23,238,20
19,10,1,255,5
22,10,0,255,1
23,10,0,255,1
24,10,2,253,2
25,10,4,255,4
26,10,0,255,1
27,10,0,255,1
28,10,1,255,0
-30,11,47,28,24
-29,11,26,6,0
-28,11,55,32,18
-27,11,160,173,119
-26,11,105,190,63
-25,11,65,156,19
-24,11,47,76,0
-23,11,76,54,7
-22,11,100,39,8
-21,11,152,60,35
-20,11,198,79,55
-19,11,208,77,47
-18,11,215,82,37
-17,11,230,95,39
-16,11,236,98,33
-15,11,225,83,17
-14,11,239,93,33
-13,11,229,81,21
-12,11,237,93,33
-11,11,243,106,51
-10,11,214,87,42
-9,11,178,71,27
-8,11,178,97,44
-7,11,157,92,34
-6,11,154,95,37
-5,11,152,98,38
-4,11,152,98,38
-3,11,152,97,33
-2,11,157,98,32
-1,11,166,102,38
0,11,175,106,47
1,11,178,110,49
2,11,173,108,42
3,11,186,108,44
4,11,207,100,48
5,11,221,94,49
6,11,234,97,53
7,11,229,83,36
8,11,242,82,32
9,11,255,92,39
10,11,244,85,29
11,11,236,81,27
12,11,243,88,42
13,11,238,97,54
14,11,225,106,64
15,11,212,128,81
16,11,201,167,106
17,11,134,177,72
18,11,66,213,37
19,11,26,238,14
20,11,8,248,3
22,11,1,255,6
23,11,0,254,4
24,11,0,252,1
25,11,1,255,2
28,11,1,255,0
-30,12,62,33,27
-29,12,37,3,0
-28,12,85,41,16
-27,12,174,136,89
-26,12,185,166,90
-25,12,157,135,59
-24,12,82,36,0
-23,12,84,15,0
-22,12,111,26,0
-21,12,196,93,62
-20,12,230,107,66
-19,12,238,103,56
-18,12,246,106,57
-17,12,246,106,53
-16,12,242,108,55
-15,12,232,103,48
-14,12,229,104,50
-13,12,230,108,57
-12,12,226,110,63
-11,12,225,119,77
-10,12,165,80,43
-9,12,86,39,0
-8,12,22,35,0
-7,12,10,51,0
-6,12,3,45,0
-5,12,3,49,0
-4,12,1,55,0
-3,12,0,56,0
-2,12,5,54,0
-1,12,8,52,0
0,12,10,51,0
1,12,10,51,0
2,12,7,50,0
3,12,33,45,0
4,12,84,27,0
5,12,117,19,0
6,12,153,44,5
7,12,215,87,42
8,12,239,84,36
9,12,241,77,26
10,12,247,87,37
11,12,247,91,40
12,12,241,85,34
13,12,234,87,35
14,12,227,92,44
15,12,222,108,58
16,12,197,107,55
17,12,168,132,58
18,12,114,156,44
19,12,78,203,41
20,12,38,242,23
21,12,6,254,7
22,12,1,253,8
23,12,0,255,7
24,12,0,255,1
28,12,0,255,3
-30,13,134,91,82
-29,13,66,17,0
-28,13,120,61,27
-27,13,211,143,98
-26,13,217,139,90
-25,13,202,118,72
-24,13,150,55,27
-23,13,122,20,0
-22,13,133,25,0
-21,13,202,86,47
-20,13,227,100,47
-19,13,220,84,26
-18,13,243,100,42
-17,13,252,112,59
-16,13,215,84,38
-15,13,179,60,18
-14,13,183,75,36
-13,13,169,87,37
-12,13,172,125,57
-11,13,159,144,63
-10,13,113,123,37
-9,13,53,104,0
-8,13,95,202,60
-7,13,74,209,47
-6,13,75,207,43
-5,13,73,210,44
-4,13,68,213,46
-3,13,67,214,46
-2,13,68,211,43
-1,13,69,210,44
0,13,70,208,50
1,13,70,208,52
2,13,71,209,51
3,13,94,198,61
4,13,20,60,0
5,13,52,37,0
6,13,104,45,0
7,13,186,86,36
8,13,227,89,42
9,13,242,84,37
10,13,248,90,43
11,13,242,85,34
12,13,233,76,21
13,13,245,94,37
14,13,227,84,26
15,13,224,93,37
16,13,219,102,49
17,13,176,95,39
18,13,132,109,39
19,13,101,166,46
20,13,44,227,23
21,13,4,249,4
22,13,0,250,5
23,13,0,255,7
24,13,2,255,3
28,13,0,255,5
-30,14,175,116,102
-29,14,121,59,36
-28,14,167,95,55
-27,14,207,129,80
-26,14,221,133,85
-25,14,221,122,81
-24,14,148,34,10
-23,14,146,24,3
-22,14,148,24,0
-21,14,202,76,26
-20,14,243,113,51
-19,14,235,100,32
-18,14,245,104,35
-17,14,240,104,44
-16,14,183,57,16
-15,14,131,21,0
-14,14,95,4,0
-13,14,52,21,0
-12,14,10,75,0
-11,14,81,209,36
-10,14,55,218,29
-9,14,41,228,23
-8,14,33,236,20
-7,14,25,237,12
-6,14,25,242,15
-5,14,24,241,12
-4,14,21,241,9
-3,14,21,241,9
-2,14,20,242,11
-1,14,20,243,14
0,14,22,244,23
1,14,24,244,24
2,14,23,237,15
3,14,31,232,14
4,14,53,232,29
5,14,81,199,35
6,14,74,95,0
7,14,117,59,0
8,14,165,49,2
9,14,232,83,43
10,14,243,85,40
11,14,243,81,34
12,14,253,94,39
13,14,238,84,24
14,14,238,89,21
15,14,232,95,27
16,14,219,98,41
17,14,187,97,44
18,14,173,123,72
19,14,124,165,63
20,14,47,225,25
21,14,7,255,8
22,14,3,255,9
23,14,0,254,5
24,14,0,254,1
25,14,1,255,2
26,14,1,255,1
27,14,4,253,1
28,14,7,251,5
-30,15,104,79,38
-29,15,86,49,5
-28,15,139,76,32
-27,15,173,92,47
-26,15,201,112,68
-25,15,217,114,79
-24,15,196,75,56
-23,15,165,36,15
-22,15,155,27,0
-21,15,203,76,21
-20,15,241,113,48
-19,15,237,106,34
-18,15,231,97,24
-17,15,224,95,30
-16,15,187,70,27
-15,15,130,41,7
-14,15,80,35,0
-13,15,7,39,0
-12,15,69,213,38
-11,15,24,239,13
-10,15,12,254,12
-9,15,0,254,2
-8,15,1,255,0
-7,15,3,255,0
-4,15,1,255,0
-3,15,1,255,0
-2,15,1,255,0
0,15,0,255,4
1,15,0,252,4
2,15,12,254,10
3,15,16,244,7
4,15,22,239,12
5,15,68,218,35
6,15,138,169,65
7,15,102,46,0
8,15,145,33,0
9,15,202,57,12
10,15,240,86,36
11,15,242,85,32
12,15,230,77,20
13,15,235,87,27
14,15,247,104,38
15,15,219,87,23
16,15,202,91,35
17,15,179,107,48
18,15,150,133,61
19,15,103,173,51
20,15,37,225,17
21,15,2,253,2
22,15,1,255,6
23,15,0,254,4
24,15,0,255,2
25,15,1,255,3
26,15,1,254,3
27,15,4,253,3
28,15,7,251,3
-30,16,9,70,0
-29,16,6,37,0
-28,16,86,50,0
-27,16,154,81,46
-26,16,204,124,89
-25,16,235,141,113
-24,16,243,132,115
-23,16,208,89,69
-22,16,212,96,57
-21,16,221,104,51
-20,16,217,94,34
-19,16,226,101,35
-18,16,220,97,27
-17,16,210,95,30
-16,16,211,110,58
-15,16,183,129,67
-14,16,121,146,52
-13,16,90,199,54
-12,16,37,234,23
-11,16,9,251,7
-10,16,5,250,7
-9,16,3,253,6
-6,16,3,254,1
-5,16,3,252,2
-4,16,0,252,1
0,16,1,255,1
1,16,12,251,10
2,16,23,239,18
3,16,43,229,32
4,16,63,214,41
5,16,107,186,58
6,16,108,79,13
7,16,162,65,23
8,16,180,53,0
9,16,224,80,17
10,16,242,97,32
11,16,233,89,26
12,16,229,89,28
13,16,227,92,36
14,16,214,87,34
15,16,223,109,59
16,16,210,119,72
17,16,158,131,54
18,16,98,174,42
19,16,60,215,33
20,16,29,245,14
21,16,5,255,0
22,16,0,253,4
23,16,0,255,6
26,16,0,255,1
27,16,0,255,1
28,16,0,255,1
-30,17,68,213,60
-29,17,85,195,62
-28,17,54,91,0
-27,17,95,79,19
-26,17,148,98,63
-25,17,178,103,82
-24,17,172,83,69
-23,17,164,65,46
-22,17,182,83,51
-21,17,204,101,58
-20,17,193,83,32
-19,17,202,93,34
-18,17,200,97,31
-17,17,198,102,41
-16,17,194,108,57
-15,17,149,126,48
-14,17,87,178,38
-13,17,51,226,33
-12,17,15,243,8
-11,17,3,255,3
-10,17,6,251,6
-9,17,1,249,3
-8,17,3,255,9
-6,17,4,255,4
-5,17,3,253,5
-4,17,2,255,6
-3,17,1,255,4
-2,17,1,255,1
-1,17,5,251,0
0,17,12,247,4
1,17,34,235,19
2,17,67,213,40
3,17,0,80,0
4,17,0,54,0
5,17,34,38,0
6,17,106,32,0
7,17,184,64,27
8,17,225,89,31
9,17,230,89,18
10,17,243,106,36
11,17,237,106,38
12,17,211,87,25
13,17,187,85,21
14,17,175,111,37
15,17,173,145,61
16,17,168,167,74
17,17,125,186,59
18,17,62,216,32
19,17,28,240,16
20,17,12,248,2
21,17,2,252,0
22,17,1,254,5
23,17,0,255,6
27,17,0,255,1
28,17,0,255,1
-30,18,17,243,21
-29,18,30,231,28
-28,18,63,215,44
-27,18,0,60,0
-26,18,27,28,0
-25,18,59,12,4
-24,18,58,0,0
-23,18,80,11,0
-22,18,90,15,0
-21,18,144,63,33
-20,18,181,96,55
-19,18,189,106,56
-18,18,205,126,69
-17,18,186,113,58
-16,18,172,105,62
-15,18,122,130,45
-14,18,66,215,38
-13,18,17,245,12
-12,18,8,251,1
-11,18,4,254,0
-10,18,6,252,1
-9,18,4,253,3
-8,18,0,255,3
-7,18,0,255,3
-6,18,0,255,3
-5,18,0,255,2
-3,18,2,255,3
-2,18,1,252,0
-1,18,15,250,7
0,18,30,239,16
1,18,70,211,36
2,18,67,102,0
3,18,103,75,12
4,18,116,71,12
5,18,137,66,14
6,18,168,62,20
7,18,203,76,31
8,18,224,88,28
9,18,225,87,22
10,18,228,99,33
11,18,224,104,41
12,18,196,90,32
13,18,156,108,26
14,18,109,161,25
15,18,84,206,35
16,18,62,221,30
17,18,39,232,21
18,18,21,243,12
19,18,8,250,6
20,18,4,253,1
21,18,1,255,1
22,18,0,255,3
23,18,0,255,3
24,18,0,255,1
26,18,0,255,1
27,18,0,255,1
28,18,0,255,1
-30,19,0,255,3
-29,19,10,255,12
-28,19,22,244,23
-27,19,52,220,45
-26,19,0,42,0
-25,19,0,19,0
-24,19,15,46,0
-23,19,28,52,0
-22,19,41,60,0
-21,19,68,65,0
-20,19,156,115,69
-19,19,201,143,105
-18,19,194,142,95
-17,19,173,133,82
-16,19,148,127,70
-15,19,96,152,45
-14,19,41,229,30
-13,19,0,255,5
-12,19,3,254,0
-11,19,4,254,0
-10,19,3,254,0
-9,19,1,255,1
-8,19,0,255,3
-7,19,0,255,3
-6,19,0,254,1
-5,19,0,255,5
-4,19,3,255,7
-3,19,0,250,1
-2,19,8,250,8
-1,19,29,234,17
0,19,69,211,37
1,19,10,72,0
2,19,89,47,0
3,19,155,56,25
4,19,187,79,43
5,19,208,91,48
6,19,224,98,50
7,19,235,101,48
8,19,247,111,53
9,19,232,98,37
10,19,224,100,40
11,19,213,113,51
12,19,183,123,53
13,19,128,146,38
14,19,75,213,32
15,19,25,236,11
16,19,12,251,8
17,19,0,255,1
18,19,0,255,1
19,19,0,255,1
20,19,0,255,1
21,19,0,255,1
22,19,0,255,1
23,19,0,255,1
24,19,0,255,1
25,19,0,255,1
26,19,0,255,1
27,19,0,255,1
28,19,0,255,1
-30,20,7,250,0
-29,20,4,247,0
-28,20,7,251,6
-27,20,13,243,13
-26,20,38,237,30
-25,20,42,228,33
-24,20,40,227,34
-23,20,43,228,36
-22,20,44,226,29
-21,20,81,209,52
-20,20,16,39,0
-19,20,61,34,7
-18,20,73,48,18
-17,20,38,41,0
-16,20,12,67,0
-15,20,81,204,61
-14,20,27,237,28
-13,20,0,254,8
-12,20,0,255,3
-7,20,0,255,1
-6,20,0,253,4
-5,20,3,253,6
-4,20,0,251,3
-3,20,8,252,16
-2,20,18,239,22
-1,20,66,220,48
0,20,51,91,0
1,20,105,66,11
2,20,155,70,29
3,20,177,64,24
4,20,209,83,32
5,20,219,86,29
6,20,211,72,13
7,20,238,99,40
8,20,247,107,54
9,20,235,104,52
10,20,206,84,35
11,20,182,111,45
12,20,110,124,27
13,20,97,199,53
14,20,43,232,24
15,20,10,248,4
16,20,7,250,0
17,20,8,254,3
18,20,1,255,1
19,20,0,255,1
20,20,0,255,1
21,20,0,255,1
22,20,0,255,1
23,20,0,255,1
24,20,0,255,1
25,20,0,255,1
26,20,0,255,1
27,20,0,255,1
28,20,0,255,1
-30,21,12,252,3
-29,21,9,254,1
-28,21,2,255,0
-27,21,2,255,0
-26,21,3,255,0
-25,21,2,255,0
-24,21,0,255,4
-23,21,0,255,7
-22,21,0,255,2
-21,21,28,237,24
-20,21,0,61,0
-19,21,0,37,0
-18,21,0,36,0
-17,21,0,35,0
-16,21,0,73,0
-15,21,49,220,44
-14,21,18,242,22
-13,21,0,254,8
-12,21,0,255,3
-11,21,0,255,1
-6,21,2,253,2
-5,21,8,255,9
-4,21,0,250,5
-3,21,13,245,19
-2,21,40,236,40
-1,21,0,54,0
0,21,44,31,0
1,21,182,97,76
2,21,216,112,77
3,21,221,100,53
4,21,229,94,36
5,21,238,96,32
6,21,236,94,30
7,21,239,99,38
8,21,226,88,39
9,21,166,38,0
10,21,144,29,0
11,21,104,44,0
12,21,23,60,0
13,21,74,203,48
14,21,28,239,20
16,21,5,252,0
17,21,4,251,0
18,21,1,255,1
19,21,0,255,1
20,21,0,255,1
21,21,0,255,1
22,21,0,255,1
23,21,0,255,1
24,21,0,255,1
25,21,0,255,1
26,21,0,255,1
27,21,0,255,1
28,21,0,255,1
-30,22,4,255,4
-29,22,5,255,1
-27,22,7,255,0
-26,22,12,253,1
-25,22,5,248,0
-24,22,6,255,8
-23,22,0,253,3
-22,22,2,255,6
-21,22,4,246,4
-20,22,27,234,20
-19,22,50,226,39
-18,22,66,214,56
-17,22,0,88,0
-16,22,0,96,0
-15,22,34,229,29
-14,22,13,246,14
-13,22,0,255,5
-12,22,0,255,1
-11,22,0,255,1
-10,22,0,255,5
-9,22,0,255,5
-8,22,1,255,1
-7,22,4,254,0
-6,22,2,255,0
-4,22,6,254,7
-3,22,18,236,17
-2,22,52,214,40
-1,22,0,57,0
0,22,57,40,0
1,22,176,98,78
2,22,212,114,75
3,22,208,93,39
4,22,212,82,22
5,22,240,102,39
6,22,227,89,27
7,22,237,102,46
8,22,228,95,50
9,22,164,40,2
10,22,137,29,0
11,22,108,45,0
12,22,43,53,0
13,22,99,200,60
14,22,30,234,21
15,22,3,255,7
17,22,7,255,2
18,22,1,255,0
19,22,0,255,1
20,22,0,255,1
21,22,0,255,1
22,22,0,255,1
23,22,0,255,1
24,22,0,255,1
25,22,0,255,1
26,22,0,255,1
27,22,0,255,1
28,22,0,255,1
-29,23,0,255,1
-28,23,8,255,1
-27,23,6,252,0
-26,23,11,252,0
-25,23,7,250,2
-24,23,4,254,6
-23,23,0,254,6
-22,23,1,255,7
-21,23,4,255,7
-19,23,10,254,6
-18,23,17,235,17
-17,23,28,231,27
-16,23,34,238,29
-15,23,22,238,17
-14,23,10,249,6
-13,23,1,255,1
-11,23,0,255,1
-10,23,0,255,6
-9,23,0,255,6
-8,23,3,254,3
-7,23,4,254,0
-6,23,3,255,0
-4,23,7,255,4
-3,23,24,243,19
-2,23,54,219,39
-1,23,0,49,0
0,23,35,27,0
1,23,186,119,100
2,23,229,144,107
3,23,221,119,71
4,23,205,90,36
5,23,218,97,44
6,23,225,105,53
7,23,215,97,49
8,23,184,66,26
9,23,191,83,47
10,23,220,127,93
11,23,185,126,82
12,23,135,124,58
13,23,101,171,55
14,23,39,226,31
15,23,0,249,7
16,23,6,255,4
19,23,0,255,1
20,23,0,255,1
21,23,0,255,1
22,23,0,255,1
23,23,0,255,1
24,23,0,255,1
25,23,0,255,1
26,23,0,255,1
27,23,0,255,1
28,23,0,255,1
-30,24,0,255,4
-28,24,0,252,2
-27,24,6,255,8
-24,24,2,255,11
-23,24,0,254,9
-22,24,0,251,10
-21,24,0,252,7
-19,24,2,255,0
-18,24,6,251,6
-17,24,11,250,11
-16,24,11,245,8
-15,24,17,252,10
-14,24,8,251,1
-13,24,4,254,0
-11,24,0,255,1
-10,24,0,255,5
-9,24,0,255,5
-8,24,0,255,3
-7,24,1,255,1
-5,24,6,255,3
-4,24,2,255,0
-3,24,10,245,5
-2,24,33,232,27
-1,24,0,59,0
0,24,28,42,0
1,24,144,93,72
2,24,208,141,112
3,24,213,134,101
4,24,206,117,83
5,24,188,95,61
6,24,194,104,69
7,24,197,109,73
8,24,183,95,59
9,24,168,85,51
10,24,176,107,74
11,24,176,126,89
12,24,165,138,95
13,24,152,196,109
14,24,58,219,53
15,24,16,244,27
16,24,4,251,10
17,24,0,255,3
18,24,0,255,1
19,24,0,255,1
20,24,0,255,1
21,24,0,255,1
22,24,0,255,1
23,24,0,255,1
24,24,0,255,1
25,24,0,255,1
26,24,0,255,1
27,24,0,255,1
28,24,0,255,1
-29,25,0,255,5
-28,25,1,255,10
-27,25,0,253,4
-26,25,0,255,2
-25,25,0,255,2
-24,25,0,255,7
-23,25,0,255,12
-22,25,2,253,16
-21,25,0,252,9
-17,25,1,255,3
-16,25,2,251,1
-15,25,6,252,1
-14,25,8,252,0
-13,25,6,253,0
-11,25,0,255,1
-10,25,0,255,3
-9,25,0,255,5
-8,25,0,255,3
-7,25,0,255,3
-6,25,3,255,3
-3,25,10,254,6
-2,25,22,240,21
-1,25,67,213,54
0,25,1,24,0
1,25,62,20,0
2,25,72,14,0
3,25,86,19,0
4,25,94,18,0
5,25,90,13,0
6,25,123,48,19
7,25,255,216,184
8,25,255,180,148
9,25,157,89,54
10,25,86,27,0
11,25,68,22,0
12,25,69,34,2
13,25,151,181,109
14,25,61,208,57
15,25,23,240,35
16,25,5,249,14
17,25,0,255,6
18,25,0,255,3
19,25,0,255,1
20,25,0,255,1
21,25,0,255,1
22,25,0,255,1
23,25,0,255,1
24,25,0,255,1
25,25,0,255,1
26,25,0,255,1
27,25,0,255,1
28,25,0,255,1
